 nmLIB = [470,530,590,660 940];
 mua_sc = [24.8e-6, 29.601e-6, 8.6,2.5,0.8];
 mua_le = [73.5568, 49.303, 8.6,2.5,0.8];
 mua_sp = [7.19, 8.73, 2.2,0.36,0.51];
 mua_sr = [6.88, 8.52, 2.2,0.26,0.55];
 mua_hd = [1.26, 20.8, 20.8,0.4,0.91];
 mua_muskel = [4.06, 4.15, 4.128,1.28,1.61];
 mua_knochen = [1.26, 1.004, 0.823,0.667,0.244];
 mus_sc = [121.6, 74.7, 63.76,54.66,578.31];
 mus_le = [121.6, 74.7, 63.76,54.66,168];
 mus_sp = [124.1, 77.22, 63.09,53.62,151];
 mus_sr = [124.1, 77.22, 63.09,53.62,75.5];
 mus_hd = [119.4, 117.57, 117.57,48.4,109.9];
 mus_muskel = [85.7,85.2, 83.3,73.56,79.8];
 mus_knochen = [308.8,315.4, 315.4,280,215.7];
 g_sc = [0.91,0.923,0.93,0.942,0.942];
 g_le = [0.8,0.8,0.8,0.8,0.8];
 g_sp = [0.9,0.9,0.9,0.9,0.9];
 g_sr = [0.8,0.8,0.8,0.8,0.8];
 g_hd = [0.75,0.75,0.75,0.75,0.75];
 g_muskel = [0.7748,0.7949,0.926,0.93,0.9112];
 g_knochen = [0.93,0.93,0.93,0.93,0.93];
 n_sc = [1.5,1.5,1.5,1.5,1.5];
 n_le = [1.34,1.34,1.34,1.34,1.24];
 n_sp = [1.4,1.4,1.4,1.4,1.4];
 n_sr = [1.4,1.4,1.4,1.4,1.4];
 n_hd = [1.44,1.44,1.44,1.44,1.44];
 n_muskel = [1.41,1.41,1.41,1.41,1.41];
 n_knochen = [1.41,1.41,1.41,1.41,1.41];
 save spectralLIBskin